       52471
         622
        7327
       21383
       42604
       22128
       62976
       38057
       13069
       13667
       42033
         114
       27758
       38838
        1908
       20232
       13518
       24524
       10980
       18204
       60408
       53305
       22227
        4158
       61440
        5918
        6061
       34384
       29744
       23276
       58794
        5839
       62239
       19387
       33866
       25736
       23472
       35517
       35422
       12961
       30384
       54822
       44741
        6127
       43990
       60622
       38844
       11822
       57892
        8535
        9984
       26048
       52493
       24396
        9466
       12569
       43752
       62330
       22967
       17587
       32537
       43550
       17473
       40004
         921
       57810
       43363
       52262
       33230
        2656
        1597
       37170
       61704
       11069
       19302
       30032
       60096
       43311
       11664
        6551
       60641
       50445
       20268
        6164
       10954
       52507
       31938
       57279
       46644
       59543
       15716
       28117
        7102
       31933
       11666
       17942
       17431
        5816
       13185
       59197
         508
        2970
        6893
       58294
        2384
       11528
         388
       37760
       65385
        8563
        4214
       35963
       57053
       32060
       16067
       25195
       62714
       45890
       21243
        4163
       12586
       33006
        9850
       52282
       10132
       45700
       35567
       10700
       10554
       63730
       61171
       24509
       23729
       45917
        2996
       35705
       28414
       26075
       29286
       44908
       41154
       54781
       26438
       47913
       63350
       23726
       16512
       22604
       46658
       18111
